-8.0 -8.0 -7.9375 -8.0 -8.0 -8.0 -8.0 -8.0 -2.75 -3.0 -8.0 -8.0 -8.0 -8.0 -8.0 -8.0 -8.0 -8.0 -8.0 -7.1875 -1.9375 -8.0 -8.0 -8.0 -8.0 -8.0 -8.0 -8.0 -8.0 -8.0 
-8.0 -8.0 -8.0 -8.0 -8.0 -8.0 -5.0 2.0625 3.8125 4.3125 -8.0 -8.0 -8.0 -8.0 -8.0 -7.9375 -8.0 -8.0 -8.0 3.125 4.1875 2.0625 -3.0625 -8.0 -8.0 -8.0 -8.0 -8.0 -8.0 -8.0 
-8.0 -8.0 -8.0 -8.0 -8.0 -3.875 5.125 4.625 4.5625 4.0625 -1.375 -8.0 -8.0 -7.9375 -7.9375 -8.0 -8.0 -8.0 0.375 4.1875 3.1875 2.3125 5.8125 -3.375 -8.0 -8.0 -8.0 -8.0 -8.0 -8.0 
-8.0 -8.0 -8.0 -8.0 -7.8125 4.25 3.125 3.6875 3.625 2.375 3.625 0.25 -8.0 -8.0 -8.0 -8.0 -8.0 -1.5 3.375 1.5625 4.0 3.4375 3.1875 3.375 -6.3125 -8.0 -8.0 -8.0 -8.0 -8.0 
-8.0 -8.0 -7.9375 -8.0 0.5 4.75 3.5 -1.375 2.5625 4.5625 3.5 5.0 3.625 -3.0 -4.875 -1.4375 4.875 5.3125 3.9375 4.4375 4.8125 2.0 1.8125 2.625 2.1875 -8.0 -8.0 -8.0 -8.0 -8.0 
-8.0 -8.0 -8.0 -8.0 3.75 2.8125 4.5 4.4375 6.4375 2.6875 2.125 5.0625 0.5 7.25 2.875 7.0625 3.1875 1.1875 3.1875 0.125 5.4375 2.8125 0.375 3.8125 3.0 -7.625 -8.0 -8.0 -8.0 -8.0 
-8.0 -8.0 -8.0 -5.8125 3.625 4.1875 3.4375 -0.125 3.5 2.0 2.3125 2.0 1.25 2.875 1.5 1.8125 1.0 3.1875 2.125 2.6875 1.75 3.625 0.25 -0.375 4.5625 -3.25 -8.0 -8.0 -8.0 -8.0 
-8.0 -8.0 -8.0 -0.875 3.625 3.5 4.625 4.25 4.3125 0.1875 5.0625 3.25 4.625 2.4375 1.0 5.8125 2.875 5.3125 2.6875 1.625 6.1875 3.0 -0.0625 4.0625 3.8125 4.0625 -8.0 -8.0 -8.0 -8.0 
-8.0 -8.0 -8.0 5.9375 3.4375 2.3125 2.375 2.8125 4.5 2.1875 2.0625 4.5 1.3125 4.75 -0.25 3.5 2.3125 1.8125 3.375 -1.125 3.6875 1.625 4.4375 2.125 2.375 3.0 -8.0 -8.0 -8.0 -8.0 
-8.0 -8.0 -4.9375 2.6875 2.125 3.6875 6.375 4.0 2.4375 1.5 2.5625 3.375 3.4375 1.8125 2.9375 2.5625 4.3125 3.1875 3.25 4.0 3.8125 3.5 4.0 1.1875 2.0625 4.0 -4.4375 -8.0 -8.0 -8.0 
-8.0 -8.0 -2.6875 3.6875 4.75 2.125 5.25 2.1875 2.5625 4.4375 2.9375 5.5625 0.5 4.5625 1.5625 4.75 3.9375 1.3125 3.9375 0.125 6.125 0.25 3.75 2.6875 1.5 4.0625 0.5 -8.0 -8.0 -8.0 
-8.0 -8.0 -8.0 -6.625 -0.5 0.5625 7.9375 2.6875 2.625 1.75 1.375 3.0 1.25 3.75 1.75 2.0625 2.0625 2.375 1.875 3.1875 1.0 1.875 4.625 5.625 -1.4375 -6.875 -8.0 -8.0 -8.0 -8.0 
-8.0 -8.0 -8.0 -8.0 -8.0 -8.0 -2.5 4.0625 2.8125 0.5 3.8125 2.0 4.625 2.1875 0.5 4.4375 2.875 6.375 1.1875 1.5625 5.0 5.875 -0.125 -8.0 -8.0 -8.0 -8.0 -8.0 -8.0 -8.0 
-8.0 -8.0 -8.0 -7.9375 -7.8125 -8.0 -0.25 5.125 4.1875 1.8125 1.75 4.8125 1.875 5.0625 -0.3125 3.375 2.4375 2.375 2.875 -0.25 3.4375 2.625 0.5625 -8.0 -8.0 -7.875 -8.0 -8.0 -8.0 -8.0 
-8.0 -8.0 -8.0 -8.0 -8.0 -8.0 0.8125 3.6875 1.75 1.0625 1.25 3.75 2.5625 1.75 2.3125 2.5625 3.9375 2.625 2.1875 3.5 3.375 3.8125 -0.625 -8.0 -7.9375 -8.0 -8.0 -8.0 -8.0 -8.0 
-8.0 -8.0 -8.0 -8.0 -8.0 -8.0 0.5625 4.5625 1.625 5.0 3.625 4.875 1.0625 4.4375 2.125 4.8125 3.25 2.3125 3.9375 1.0 5.375 1.8125 3.0 -8.0 -8.0 -8.0 -8.0 -8.0 -8.0 -8.0 
-8.0 -8.0 -8.0 -8.0 -8.0 -8.0 1.0625 4.0625 1.1875 2.3125 1.1875 3.9375 1.0 3.4375 1.625 1.5625 1.375 2.8125 1.8125 2.4375 0.9375 2.625 1.875 -8.0 -8.0 -8.0 -8.0 -8.0 -8.0 -8.0 
-8.0 -8.0 -8.0 -8.0 -8.0 -8.0 2.0625 2.4375 3.125 0.5 3.5 2.125 4.3125 2.3125 1.0 4.1875 2.875 4.625 0.5 3.1875 3.8125 4.0 2.3125 -8.0 -8.0 -7.9375 -8.0 -8.0 -8.0 -8.0 
-8.0 -8.0 -8.0 -8.0 -8.0 -8.0 4.75 3.75 4.25 2.4375 1.625 4.3125 2.4375 4.8125 0.0 3.4375 1.3125 3.6875 2.0625 0.75 3.1875 2.0 4.5 -8.0 -8.0 -7.875 -8.0 -8.0 -8.0 -8.0 
-8.0 -8.0 -8.0 -8.0 -8.0 -8.0 2.8125 3.6875 1.1875 1.1875 0.9375 4.0625 2.875 2.0625 1.625 3.0 4.4375 2.5625 2.875 2.4375 3.6875 3.1875 3.75 -8.0 -8.0 -7.8125 -8.0 -8.0 -8.0 -8.0 
-8.0 -8.0 -8.0 -7.9375 -8.0 -8.0 4.5625 3.8125 2.875 4.1875 3.5 4.5625 2.0 5.3125 2.6875 5.3125 1.5625 3.4375 2.5625 2.625 5.125 1.625 5.5625 -8.0 -8.0 -7.9375 -8.0 -8.0 -8.0 -8.0 
-8.0 -8.0 -8.0 -7.9375 -8.0 -8.0 5.125 3.6875 1.5625 2.3125 0.5625 4.5 1.3125 4.1875 0.1875 2.3125 1.375 3.8125 1.375 1.1875 2.3125 2.3125 4.25 -7.875 -8.0 -7.9375 -8.0 -8.0 -8.0 -8.0 
-8.0 -8.0 -8.0 -7.875 -8.0 -6.3125 2.5625 1.8125 3.4375 0.75 3.625 1.3125 4.0625 2.1875 1.5625 2.875 3.375 3.9375 -0.125 3.6875 1.875 3.25 2.625 -6.5625 -8.0 -7.875 -8.0 -8.0 -8.0 -8.0 
-8.0 -8.0 -8.0 -7.9375 -8.0 -6.375 4.875 3.0 6.0625 1.5 2.9375 4.3125 3.5 4.75 0.6875 4.1875 2.0625 4.875 0.5625 3.1875 3.625 2.875 3.375 -5.5 -8.0 -7.8125 -8.0 -8.0 -8.0 -8.0 
-8.0 -8.0 -8.0 -7.6875 -8.0 -6.1875 4.0625 2.625 2.875 1.375 0.375 3.9375 2.4375 1.8125 0.5 3.125 2.625 2.5625 0.0 2.125 3.4375 1.75 2.8125 -5.8125 -8.0 -7.625 -8.0 -8.0 -8.0 -8.0 
-8.0 -8.0 -8.0 -7.6875 -8.0 -3.5625 3.6875 3.4375 3.25 3.8125 3.375 3.625 2.9375 4.875 4.1875 4.0 1.0625 3.75 4.8125 2.6875 3.375 2.0 3.1875 -0.8125 -8.0 -7.6875 -8.0 -8.0 -8.0 -8.0 
-8.0 -8.0 -8.0 -7.8125 -8.0 1.5625 5.625 3.75 4.3125 3.6875 1.625 6.25 2.375 4.0 0.125 4.8125 1.875 4.5 0.1875 4.625 5.4375 2.125 4.1875 -1.625 -8.0 -7.875 -8.0 -8.0 -8.0 -8.0 
-8.0 -8.0 -7.9375 -7.9375 -8.0 -8.0 -6.0625 -2.9375 -0.625 0.8125 0.6875 -1.1875 2.625 2.125 1.0 -0.3125 1.5 1.875 -0.6875 -2.25 -3.625 -3.5625 -4.75 -8.0 -8.0 -8.0 -8.0 -8.0 -8.0 -8.0 
-8.0 -8.0 -8.0 -8.0 -8.0 -8.0 -8.0 -8.0 -8.0 -8.0 -8.0 -8.0 -8.0 -8.0 -8.0 -8.0 -8.0 -8.0 -8.0 -8.0 -8.0 -8.0 -8.0 -8.0 -8.0 -8.0 -8.0 -8.0 -8.0 -8.0 
-8.0 -8.0 -8.0 -8.0 -8.0 -8.0 -8.0 -8.0 -8.0 -8.0 -8.0 -8.0 -8.0 -8.0 -8.0 -8.0 -8.0 -8.0 -8.0 -8.0 -8.0 -8.0 -8.0 -8.0 -8.0 -8.0 -8.0 -8.0 -8.0 -8.0 
