-8.0 -8.0 -8.0 -8.0 -8.0 -8.0 -8.0 -8.0 -8.0 -8.0 -8.0 -8.0 -8.0 -8.0 -8.0 -8.0 -8.0 -8.0 -8.0 -8.0 -8.0 -8.0 -8.0 -8.0 -8.0 -8.0 -8.0 -8.0 -8.0 -8.0 
-8.0 -8.0 -8.0 -8.0 -8.0 -8.0 -8.0 -8.0 -8.0 -8.0 -8.0 -8.0 -8.0 -8.0 -8.0 -8.0 -8.0 -8.0 -8.0 -8.0 -8.0 -8.0 -8.0 -8.0 -8.0 -8.0 -8.0 -8.0 -8.0 -8.0 
-8.0 -8.0 -8.0 -8.0 -8.0 -8.0 -8.0 -8.0 -8.0 -8.0 -8.0 -8.0 -8.0 -8.0 -8.0 -8.0 -8.0 -8.0 -8.0 -8.0 -8.0 -8.0 -8.0 -8.0 -8.0 -8.0 -8.0 -8.0 -8.0 -8.0 
-8.0 -8.0 -8.0 -8.0 -8.0 -8.0 -8.0 -8.0 -8.0 -8.0 -8.0 -8.0 -8.0 -8.0 -8.0 -8.0 -8.0 -8.0 -8.0 -8.0 -8.0 -8.0 -8.0 -8.0 -8.0 -8.0 -8.0 -8.0 -8.0 -8.0 
-8.0 -8.0 -8.0 -8.0 -8.0 -8.0 -8.0 -8.0 -8.0 -8.0 -8.0 -8.0 -8.0 -8.0 -8.0 -8.0 -8.0 -8.0 -8.0 -8.0 -8.0 -8.0 -8.0 -8.0 -8.0 -8.0 -8.0 -8.0 -8.0 -8.0 
-8.0 -8.0 -8.0 -8.0 -8.0 -8.0 -8.0 -8.0 -8.0 -8.0 -8.0 -8.0 -8.0 -8.0 -8.0 -8.0 -8.0 -8.0 -8.0 -8.0 -8.0 -8.0 -8.0 -8.0 -8.0 -8.0 -8.0 -8.0 -8.0 -8.0 
-8.0 -8.0 -8.0 -8.0 -8.0 -8.0 -8.0 -8.0 -8.0 -8.0 -8.0 -8.0 -8.0 -8.0 -8.0 -8.0 -8.0 -8.0 -8.0 -8.0 -8.0 -8.0 -8.0 -8.0 -8.0 -8.0 -8.0 -8.0 -8.0 -8.0 
-8.0 -8.0 -8.0 -8.0 -8.0 -8.0 -8.0 -8.0 -8.0 -8.0 -8.0 -8.0 -8.0 -8.0 -8.0 -8.0 -8.0 -8.0 -8.0 -7.8125 -7.9375 -8.0 -8.0 -7.5625 -8.0 -5.6875 -8.0 -8.0 -8.0 -8.0 
-8.0 -8.0 -8.0 -8.0 -8.0 -8.0 -8.0 -8.0 -8.0 -8.0 -8.0 -8.0 -8.0 -7.9375 -7.875 -8.0 -6.3125 -2.75 -7.3125 -8.0 -8.0 -8.0 -8.0 -8.0 -8.0 -0.5625 -8.0 -8.0 -8.0 -8.0 
-8.0 -8.0 -8.0 -8.0 -8.0 -8.0 -8.0 -8.0 -8.0 -8.0 -8.0 -8.0 -8.0 -7.9375 -8.0 -8.0 -2.5 0.9375 -1.125 -8.0 -8.0 -8.0 -8.0 -6.625 -2.1875 -1.375 -8.0 -8.0 -8.0 -8.0 
-8.0 -8.0 -8.0 -8.0 -8.0 -8.0 -8.0 -8.0 -8.0 -8.0 -8.0 -8.0 -8.0 -7.75 -8.0 -4.6875 0.0625 -0.5 1.1875 2.9375 1.8125 2.375 0.4375 1.625 2.5 0.75 -8.0 -8.0 -8.0 -8.0 
-8.0 -8.0 -8.0 -8.0 -8.0 -8.0 -8.0 -8.0 -8.0 -8.0 -8.0 -8.0 -7.875 -8.0 -7.3125 0.5625 0.125 0.0 2.0 3.0 1.9375 2.4375 3.125 1.3125 1.4375 1.0 -8.0 -8.0 -8.0 -8.0 
-8.0 -8.0 -8.0 -8.0 -8.0 -8.0 -7.9375 -8.0 -7.875 -7.9375 -8.0 -7.8125 -8.0 -8.0 -0.8125 -0.875 -1.375 0.5625 2.5 1.5625 1.75 2.3125 2.4375 0.9375 1.8125 1.875 -7.3125 -8.0 -8.0 -8.0 
-8.0 -8.0 -8.0 -8.0 -7.9375 -8.0 -8.0 -8.0 -8.0 -8.0 -7.8125 -8.0 -8.0 -2.4375 0.6875 -2.375 -2.125 1.5625 1.3125 0.1875 1.4375 2.5625 2.75 0.9375 1.9375 2.5625 -5.0 -8.0 -8.0 -8.0 
-8.0 -8.0 -8.0 -8.0 -8.0 -8.0 -7.875 -7.75 -7.9375 -8.0 -8.0 -8.0 -1.875 0.5 -1.125 -1.1875 -1.125 2.125 0.4375 1.0 1.3125 1.9375 2.4375 1.0 1.875 2.5625 -0.5625 -8.0 -8.0 -8.0 
-8.0 -8.0 -7.875 -7.875 -7.9375 -7.875 -8.0 -8.0 -8.0 -8.0 -6.375 -1.25 -0.6875 -1.8125 -1.0625 -0.6875 0.5 1.75 0.375 1.625 1.625 1.75 2.0 0.8125 1.1875 1.75 3.125 -8.0 -8.0 -8.0 
-7.8125 -8.0 -8.0 -8.0 -8.0 -8.0 -8.0 -6.6875 -4.6875 -2.25 -0.6875 -1.0625 -1.5625 -0.8125 0.0625 0.375 0.9375 1.625 2.3125 2.625 1.625 1.4375 1.625 0.9375 0.625 1.375 2.3125 -5.3125 -8.0 -8.0 
-8.0 -8.0 -6.5625 -4.625 -3.9375 -3.25 -2.6875 -0.625 0.0 -0.3125 -1.0625 -0.9375 -0.625 -0.0625 -0.1875 0.6875 0.3125 0.5 2.0 0.75 1.6875 2.0625 1.0 1.6875 2.75 2.0625 3.8125 -4.125 -8.0 -8.0 
-8.0 -3.75 -2.125 -2.375 -1.0625 -0.875 -1.0625 -0.875 -0.8125 -0.0625 0.4375 0.5 0.9375 -0.125 -0.0625 1.4375 1.625 0.9375 1.25 -0.1875 2.125 2.125 1.0 0.625 1.5625 2.125 4.25 -4.375 -8.0 -8.0 
-3.625 2.5625 0.0625 -1.5 -1.875 -1.75 -2.125 -1.9375 -1.875 -1.625 -1.25 -1.375 -0.5625 -0.5 0.0625 1.3125 1.75 2.4375 3.875 3.875 4.25 4.375 4.375 3.6875 4.3125 3.8125 3.5 -5.75 -8.0 -8.0 
-7.0 -0.125 2.6875 3.75 3.75 3.5 2.6875 1.5625 0.4375 -0.5 -0.125 -0.0625 1.125 3.5625 4.1875 5.0625 5.0 7.9375 5.0625 3.0625 7.3125 7.75 7.6875 7.6875 7.4375 5.75 4.875 -4.9375 -8.0 -8.0 
-8.0 -8.0 -8.0 -7.25 -3.8125 -1.375 2.25 3.5625 4.4375 5.125 5.1875 5.125 5.0 3.875 1.375 -2.875 -7.5 -8.0 -8.0 -8.0 3.125 5.0 3.75 2.9375 2.125 1.875 1.4375 -7.3125 -8.0 -8.0 
-8.0 -8.0 -8.0 -8.0 -8.0 -8.0 -8.0 -8.0 -8.0 -8.0 -8.0 -8.0 -8.0 -8.0 -8.0 -8.0 -8.0 -8.0 -8.0 -8.0 -8.0 -8.0 -8.0 -8.0 -8.0 -8.0 -8.0 -8.0 -8.0 -8.0 
-8.0 -8.0 -8.0 -8.0 -8.0 -8.0 -8.0 -8.0 -8.0 -8.0 -8.0 -8.0 -8.0 -8.0 -8.0 -8.0 -8.0 -8.0 -8.0 -8.0 -8.0 -8.0 -8.0 -8.0 -8.0 -8.0 -8.0 -8.0 -8.0 -8.0 
-8.0 -8.0 -8.0 -8.0 -8.0 -8.0 -8.0 -8.0 -8.0 -8.0 -8.0 -8.0 -8.0 -8.0 -8.0 -8.0 -8.0 -8.0 -8.0 -8.0 -8.0 -8.0 -8.0 -8.0 -8.0 -8.0 -8.0 -8.0 -8.0 -8.0 
-8.0 -8.0 -8.0 -8.0 -8.0 -8.0 -8.0 -8.0 -8.0 -8.0 -8.0 -8.0 -8.0 -8.0 -8.0 -8.0 -8.0 -8.0 -8.0 -8.0 -8.0 -8.0 -8.0 -8.0 -8.0 -8.0 -8.0 -8.0 -8.0 -8.0 
-8.0 -8.0 -8.0 -8.0 -8.0 -8.0 -8.0 -8.0 -8.0 -8.0 -8.0 -8.0 -8.0 -8.0 -8.0 -8.0 -8.0 -8.0 -8.0 -8.0 -8.0 -8.0 -8.0 -8.0 -8.0 -8.0 -8.0 -8.0 -8.0 -8.0 
-8.0 -8.0 -8.0 -8.0 -8.0 -8.0 -8.0 -8.0 -8.0 -8.0 -8.0 -8.0 -8.0 -8.0 -8.0 -8.0 -8.0 -8.0 -8.0 -8.0 -8.0 -8.0 -8.0 -8.0 -8.0 -8.0 -8.0 -8.0 -8.0 -8.0 
-8.0 -8.0 -8.0 -8.0 -8.0 -8.0 -8.0 -8.0 -8.0 -8.0 -8.0 -8.0 -8.0 -8.0 -8.0 -8.0 -8.0 -8.0 -8.0 -8.0 -8.0 -8.0 -8.0 -8.0 -8.0 -8.0 -8.0 -8.0 -8.0 -8.0 
-8.0 -8.0 -8.0 -8.0 -8.0 -8.0 -8.0 -8.0 -8.0 -8.0 -8.0 -8.0 -8.0 -8.0 -8.0 -8.0 -8.0 -8.0 -8.0 -8.0 -8.0 -8.0 -8.0 -8.0 -8.0 -8.0 -8.0 -8.0 -8.0 -8.0 
