0.000000,0.000000,0.000000,0.000000,0.000000,0.000000,0.000000,0.000000,0.000000,0.000000,0.000000,0.000000,0.000000,0.000000,0.000000,0.000000,0.000000,0.000000,0.000000,0.000000,0.000000,0.000000,0.000000,0.000000,0.000000,0.000000,0.000000,0.000000,0.000000,0.000000
0.000000,0.000000,0.000000,0.000000,0.000000,0.000000,0.000000,0.000000,0.000000,0.003922,0.000000,0.262745,0.694118,0.505882,0.600000,0.458824,0.505882,0.572549,0.552941,0.686275,0.000000,0.000000,0.000000,0.000000,0.000000,0.000000,0.000000,0.000000,0.000000,0.000000
0.000000,0.000000,0.000000,0.000000,0.000000,0.000000,0.000000,0.000000,0.000000,0.007843,0.000000,0.768627,1.000000,1.000000,1.000000,0.945098,0.984314,1.000000,0.960784,1.000000,0.298039,0.000000,0.000000,0.000000,0.000000,0.000000,0.000000,0.000000,0.000000,0.000000
0.000000,0.000000,0.000000,0.000000,0.000000,0.000000,0.000000,0.000000,0.000000,0.000000,0.000000,0.952941,0.929412,0.850980,0.894118,0.905882,0.870588,0.854902,0.858824,1.000000,0.454902,0.000000,0.000000,0.000000,0.000000,0.000000,0.000000,0.000000,0.000000,0.000000
0.000000,0.000000,0.000000,0.000000,0.000000,0.000000,0.000000,0.000000,0.000000,0.000000,0.000000,1.000000,0.921569,0.905882,0.913725,0.886275,0.882353,0.898039,0.870588,1.000000,0.568627,0.000000,0.000000,0.000000,0.000000,0.000000,0.000000,0.000000,0.000000,0.000000
0.000000,0.000000,0.000000,0.000000,0.000000,0.000000,0.000000,0.000000,0.000000,0.000000,0.090196,1.000000,0.901961,0.898039,0.913725,0.898039,0.882353,0.890196,0.866667,0.945098,0.654902,0.000000,0.000000,0.000000,0.000000,0.000000,0.000000,0.000000,0.000000,0.000000
0.000000,0.000000,0.000000,0.000000,0.000000,0.000000,0.000000,0.000000,0.000000,0.000000,0.262745,1.000000,0.882353,0.917647,0.905882,0.886275,0.890196,0.894118,0.878431,0.917647,0.733333,0.000000,0.000000,0.000000,0.000000,0.000000,0.000000,0.000000,0.000000,0.000000
0.000000,0.000000,0.000000,0.000000,0.000000,0.000000,0.000000,0.000000,0.000000,0.000000,0.447059,0.976471,0.850980,0.921569,0.933333,0.960784,0.890196,0.890196,0.882353,0.945098,0.690196,0.000000,0.000000,0.000000,0.000000,0.000000,0.000000,0.000000,0.000000,0.000000
0.000000,0.000000,0.000000,0.000000,0.000000,0.000000,0.000000,0.000000,0.000000,0.000000,0.654902,0.968627,0.890196,0.905882,0.980392,0.784314,0.972549,0.905882,0.878431,0.984314,0.576471,0.000000,0.000000,0.000000,0.000000,0.000000,0.000000,0.000000,0.000000,0.000000
0.000000,0.000000,0.000000,0.000000,0.000000,0.000000,0.000000,0.000000,0.000000,0.000000,0.815686,0.949020,0.882353,0.952941,0.882353,0.000000,1.000000,0.913725,0.886275,1.000000,0.505882,0.000000,0.000000,0.000000,0.000000,0.000000,0.000000,0.000000,0.000000,0.000000
0.000000,0.000000,0.000000,0.000000,0.000000,0.000000,0.000000,0.000000,0.000000,0.000000,0.874510,0.933333,0.874510,1.000000,0.631373,0.000000,1.000000,0.925490,0.874510,1.000000,0.529412,0.000000,0.000000,0.000000,0.000000,0.000000,0.000000,0.000000,0.000000,0.000000
0.000000,0.000000,0.000000,0.000000,0.000000,0.000000,0.000000,0.000000,0.000000,0.000000,0.960784,0.921569,0.870588,1.000000,0.282353,0.000000,0.972549,0.996078,0.850980,1.000000,0.568627,0.000000,0.000000,0.000000,0.000000,0.000000,0.000000,0.000000,0.000000,0.000000
0.000000,0.000000,0.000000,0.000000,0.000000,0.000000,0.000000,0.000000,0.000000,0.000000,1.000000,0.913725,0.886275,1.000000,0.027451,0.000000,0.749020,0.972549,0.862745,1.000000,0.494118,0.000000,0.000000,0.000000,0.000000,0.000000,0.000000,0.000000,0.000000,0.000000
0.000000,0.000000,0.000000,0.000000,0.000000,0.000000,0.000000,0.000000,0.000000,0.000000,1.000000,0.913725,0.905882,0.984314,0.000000,0.000000,0.623529,0.984314,0.866667,1.000000,0.435294,0.000000,0.000000,0.000000,0.000000,0.000000,0.000000,0.000000,0.000000,0.000000
0.000000,0.000000,0.000000,0.000000,0.000000,0.000000,0.000000,0.000000,0.000000,0.000000,1.000000,0.909804,0.925490,0.847059,0.000000,0.000000,0.513726,0.992157,0.862745,1.000000,0.435294,0.000000,0.000000,0.000000,0.000000,0.000000,0.000000,0.000000,0.000000,0.000000
0.000000,0.000000,0.000000,0.000000,0.000000,0.000000,0.000000,0.000000,0.000000,0.000000,1.000000,0.894118,0.952941,0.674510,0.000000,0.000000,0.223529,0.976471,0.870588,1.000000,0.435294,0.000000,0.000000,0.000000,0.000000,0.000000,0.000000,0.000000,0.000000,0.000000
0.000000,0.000000,0.000000,0.000000,0.000000,0.000000,0.000000,0.000000,0.000000,0.000000,1.000000,0.901961,0.956863,0.545098,0.000000,0.000000,0.039216,1.000000,0.890196,1.000000,0.392157,0.000000,0.000000,0.000000,0.000000,0.000000,0.000000,0.000000,0.000000,0.000000
0.000000,0.000000,0.000000,0.000000,0.000000,0.000000,0.000000,0.000000,0.000000,0.000000,0.890196,0.929412,0.949020,0.443137,0.000000,0.000000,0.023529,1.000000,0.901961,1.000000,0.349020,0.000000,0.000000,0.000000,0.000000,0.000000,0.000000,0.000000,0.000000,0.000000
0.000000,0.000000,0.000000,0.000000,0.000000,0.000000,0.000000,0.000000,0.000000,0.000000,0.800000,0.937255,0.960784,0.592157,0.000000,0.000000,0.000000,1.000000,0.890196,1.000000,0.388235,0.000000,0.000000,0.000000,0.000000,0.000000,0.000000,0.000000,0.000000,0.000000
0.000000,0.000000,0.000000,0.000000,0.000000,0.000000,0.000000,0.000000,0.000000,0.000000,0.592157,0.960784,0.933333,0.776471,0.000000,0.000000,0.000000,1.000000,0.917647,1.000000,0.360784,0.000000,0.000000,0.000000,0.000000,0.000000,0.000000,0.000000,0.000000,0.000000
0.000000,0.000000,0.000000,0.000000,0.000000,0.000000,0.000000,0.000000,0.000000,0.000000,0.349020,0.972549,0.913725,0.972549,0.000000,0.000000,0.000000,0.988235,0.929412,1.000000,0.352941,0.000000,0.000000,0.000000,0.000000,0.000000,0.000000,0.000000,0.000000,0.000000
0.000000,0.000000,0.000000,0.000000,0.000000,0.000000,0.000000,0.000000,0.000000,0.000000,0.121569,0.941176,0.898039,0.886275,0.000000,0.000000,0.000000,0.937255,0.933333,1.000000,0.360784,0.000000,0.000000,0.000000,0.000000,0.000000,0.000000,0.000000,0.000000,0.000000
0.000000,0.000000,0.000000,0.000000,0.000000,0.000000,0.000000,0.000000,0.000000,0.000000,0.000000,0.886275,0.913725,0.929412,0.133333,0.000000,0.000000,0.917647,0.933333,1.000000,0.372549,0.000000,0.000000,0.000000,0.000000,0.000000,0.000000,0.000000,0.000000,0.000000
0.000000,0.000000,0.000000,0.000000,0.000000,0.000000,0.000000,0.000000,0.000000,0.000000,0.000000,0.913725,0.925490,0.956863,0.266667,0.000000,0.000000,0.819608,0.945098,0.929412,0.384314,0.000000,0.000000,0.000000,0.000000,0.000000,0.000000,0.000000,0.000000,0.000000
0.000000,0.000000,0.000000,0.000000,0.000000,0.000000,0.000000,0.000000,0.000000,0.003922,0.000000,0.596078,0.949020,0.960784,0.501961,0.000000,0.000000,0.776471,0.945098,0.933333,0.317647,0.000000,0.000000,0.000000,0.000000,0.000000,0.000000,0.000000,0.000000,0.000000
0.000000,0.000000,0.000000,0.000000,0.000000,0.000000,0.000000,0.000000,0.000000,0.007843,0.000000,0.286275,0.964706,0.945098,0.827451,0.000000,0.000000,0.792157,0.941176,0.929412,0.290196,0.000000,0.000000,0.000000,0.000000,0.000000,0.000000,0.000000,0.000000,0.000000
0.000000,0.000000,0.000000,0.000000,0.000000,0.000000,0.000000,0.000000,0.000000,0.015686,0.000000,0.000000,0.898039,0.925490,0.819608,0.000000,0.000000,0.619608,0.968627,0.933333,0.388235,0.000000,0.000000,0.000000,0.000000,0.000000,0.000000,0.000000,0.000000,0.000000
0.000000,0.000000,0.000000,0.000000,0.000000,0.000000,0.000000,0.000000,0.000000,0.003922,0.000000,0.000000,0.780392,1.000000,0.968627,0.227451,0.000000,0.631373,1.000000,0.988235,0.466667,0.000000,0.000000,0.000000,0.000000,0.000000,0.000000,0.000000,0.000000,0.000000
0.000000,0.000000,0.000000,0.000000,0.000000,0.000000,0.000000,0.000000,0.000000,0.000000,0.000000,0.000000,0.384314,0.623529,0.278431,0.000000,0.000000,0.266667,0.690196,0.643137,0.227451,0.000000,0.000000,0.000000,0.000000,0.000000,0.000000,0.000000,0.000000,0.000000
0.000000,0.000000,0.000000,0.000000,0.000000,0.000000,0.000000,0.000000,0.000000,0.000000,0.000000,0.000000,0.000000,0.000000,0.000000,0.000000,0.000000,0.000000,0.000000,0.000000,0.000000,0.000000,0.000000,0.000000,0.000000,0.000000,0.000000,0.000000,0.000000,0.000000
