00000000
00000000
00000000
00000000
00000000
00000000
00000000
00000000
00000000
00000000
00000000
00000000
00000000
00000000
00000000
00000000
00000000
00000000
00000000
00000000
00000000
00000000
00000000
00000000
00000000
00000000
00000000
00000000
00000000
00000000
00000000
00000000
00000000
00000000
00000000
00000000
00000000
00000000
00000000
00000000
00000000
00000000
00000000
00000001
00000000
00000000
00000001
00000000
00000000
00000000
00000000
00000000
00000000
00000000
00000010
00000000
00000000
00000000
00000000
00000000
00000000
00000000
00000000
00000000
00000000
00000000
00000000
00000000
00000000
00000011
00000010
00000011
00000001
00000000
00000010
00000001
00000000
00000001
00000001
00000010
00000010
00000001
00000001
00000001
00000000
00000000
00000000
00000000
00000000
00000000
00000000
00000001
00000000
00000010
00000001
00000001
00000011
00000001
00000010
00000001
00000011
00000001
00000010
00000010
00000001
00000010
00000001
00000001
00000001
00000000
00000001
00000000
00000001
00000001
00000100
00000001
00000000
00000001
00000001
00000001
00000010
00000010
00000001
00000001
00000001
00000001
00000001
00000001
00000001
00000001
00000010
00000010
00000001
00000001
00000001
00000001
00000010
00000000
00000001
00000000
00000100
00000010
00000000
00000001
00000010
00000001
00000001
00000001
00000010
00000010
00000000
00000000
00000010
00000001
00000000
00000000
00000010
00000110
00000000
00000011
00000010
00000001
00000001
00000000
00000001
00000000
00000000
00000000
00000000
00000000
00000000
00000000
00000000
00000000
00000000
00000000
00000000
00000000
00000000
00000000
00000000
00000000
00000000
00000000
00000000
00000000
00000000
00000000
00000000
00000000
00000000
00000000
00000000
00000000
00000000
00000000
