00000000
00000000
00000000
00000000
00000000
00000000
00000000
00000000
00000000
00000000
00000000
00000000
00000000
00000000
00000000
00000000
00000000
00000000
00000000
00000000
00000000
00000000
00000000
00000000
00000000
00000000
00000000
00000000
00000000
00000000
00000000
00000000
00000000
00000000
00000000
00000000
00000000
00000000
00000000
00000000
00000000
00000000
00000000
00000000
00000000
00000000
00000000
00000000
00000000
00000000
00000000
00000000
00000000
00000000
00000000
00000000
00000000
00000000
00000000
00000000
00000000
00000000
00000000
00000000
00000000
00000000
00000000
00000000
00000000
00000000
00000000
00000000
00000000
00000000
00000000
00000000
00000000
00000000
00000000
00000000
00000000
00000000
00000000
00000000
00000000
00000000
00000000
00000000
00000000
00000000
00000000
00000000
00000000
00000000
00000000
00000000
00000000
00000000
00000000
00000000
00000000
00000000
00000000
00000000
00000000
00000000
00000000
00000000
00000000
00000000
00000000
00000000
00000000
00000000
00000000
00000000
00000000
00000000
00000000
00000000
00000000
00000000
00000000
00000000
00000000
00000000
00000000
00000000
00000000
00000000
00000000
00000000
00000000
00000000
00000000
00000000
00000000
00000000
00000000
00000000
00000000
00000000
00000000
00000000
00000000
00000000
00000000
00000000
00000000
00000000
00000000
00000000
00000000
00000000
00000000
00000000
00000000
00000000
00000000
00000000
00000000
00000000
00000000
00000000
00000000
00000000
00000000
00000000
00000000
00000000
00000000
00000000
00000000
00000000
00000000
00000000
00000000
00000000
00000000
00000000
00000000
00000000
00000000
00000000
00000000
00000000
00000000
00000000
00000000
00000000
00000000
00000000
00000000
00000000
00000000
00000000
00000000
00000000
00000000
00000000
00000000
00000000
00000000
00000000
00000000
00000000
00000000
00000000
00000000
00000000
00000000
00000000
00000000
00000000
00000000
00000000
00000000
00000000
00000000
00000000
00000000
00000000
00000000
00000000
00000000
00000000
00000000
00000000
00000000
00000000
00000000
00000000
00000000
00000000
00000000
00000000
00000000
00000000
00000000
00000000
00000000
00000000
00000000
00000000
00000000
00000000
00000000
00000000
00000000
00000000
00000000
00000000
00000000
00000000
00000000
00000000
00000000
00000000
00000000
00000000
00000000
00000000
00000000
00000000
00000000
00000000
00000000
00000000
00000000
00000000
00000000
00000000
00000000
00000000
00000000
00000011
00000000
00000000
00001011
00000001
00000000
00000000
00000000
00000000
00000000
00000000
00000000
00000000
00000001
00000000
00000000
00000000
00000101
00000000
00001111
00000000
00000000
00000000
00000000
00000000
00000000
00000000
00000000
00000000
00000000
00000000
00000000
00000000
00000000
00000000
00000000
00000000
00000000
00000000
00000000
00000000
00000000
00000000
00000000
00000000
00000000
00000000
00000000
00000000
00000000
00000000
00000000
00000000
00000000
00000000
00000001
00000000
00000000
00001011
00000111
00010000
00010010
00001110
00001111
00010010
00000000
00000000
00010110
00010100
00000000
00000000
00010101
00010001
00000011
00001100
00010011
00010101
00001101
00000000
00010010
00000000
00000000
00000000
00000000
00000000
00000000
00000000
00000000
00000000
00000000
00000000
00000000
00000000
00000000
00000000
00000000
00000000
00000000
00000000
00000000
00000000
00000000
00000000
00000000
00000000
00000000
00000000
00000000
00000000
00000000
00000000
00000000
00000000
00000000
00000001
00000000
00001110
00010001
00010000
00001110
00001101
00010000
00010100
00010001
00010101
00010110
00010100
00010011
00010100
00010101
00010110
00010101
00010101
00010011
00010011
00010010
00010100
00010010
00000000
00010100
00000001
00000000
00000000
00000000
00000000
00000000
00000000
00000000
00000000
00000000
00000000
00000000
00000000
00000000
00000000
00000000
00000000
00000000
00000000
00000000
00000000
00000000
00000000
00000001
00000000
00000000
00000000
00000000
00000000
00000000
00000000
00000000
00001100
00001011
00010001
00010001
00001110
00001011
00001100
00001110
00001110
00010011
00010011
00010100
00010001
00010000
00010011
00010010
00010011
00010101
00010110
00010100
00010101
00010010
00010100
00010010
00010100
00010101
00000110
00010101
00001111
00000000
00000000
00000000
00000000
00000000
00000000
00000000
00000000
00000000
00000000
00000000
00000000
00000000
00000000
00000000
00000000
00000000
00000000
00000000
00000000
00000000
00000000
00000011
00000111
00000000
00000011
00001100
00001111
00001110
00001111
00001110
00001101
00001100
00001110
00001110
00010000
00001111
00010001
00010001
00010010
00010100
00010001
00010011
00010101
00010011
00010011
00010101
00010011
00010100
00010100
00010011
00010011
00010010
00010010
00010010
00010001
00010100
00010110
00010011
00010101
00000000
00000000
00000101
00000000
00000000
00000000
00000000
00000000
00000000
00000011
00001001
00001100
00000111
00001000
00001011
00001110
00001010
00001011
00001110
00001110
00001111
00010000
00001110
00001110
00001111
00001110
00010000
00010001
00001110
00001111
00010001
00010010
00010000
00010000
00010000
00010000
00010001
00010001
00010011
00010011
00010001
00010100
00010010
00010011
00010010
00010011
00010000
00010100
00010100
00010010
00010100
00010010
00010011
00010110
00010001
00010011
00010100
00011000
00010100
00011001
00001000
00000000
00000111
00000000
00000000
00001001
00000000
00000010
00010101
00010000
00010000
00010101
00001101
00001100
00011000
00011000
00001101
00001100
00010111
00010101
00001100
00001100
00010011
00010001
00001101
00001110
00001111
00010000
00001101
00001111
00010000
00010010
00001111
00010000
00010111
00011000
00010011
00010100
00011010
00011010
00010101
00011000
00100000
00011010
00011000
00011001
00010110
00011111
00011001
00011001
00100000
00011111
00010111
00011001
00011111
00011111
00011000
00010111
00011100
00011010
00000101
00000000
00000110
00000000
00000000
00000000
00000000
00000000
00000000
00000000
00000000
00000000
00000010
00001000
00000000
00000000
00001101
00010101
00000000
00000000
00010111
00011001
00000000
00000000
00011010
00011010
00000000
00000000
00011010
00011010
00000000
00000000
00011000
00010011
00000000
00000000
00001010
00000001
00000000
00000000
00000000
00000000
00000000
00000000
00000000
00010110
00000000
00000000
00011010
00011000
00000000
00000000
00010110
00010100
00000000
00000000
00010100
00010011
00000000
00000000
00000001
00000000
00000000
00000000
00000000
00000000
00000000
00000000
00000000
00000000
00000000
00000000
00000000
00000000
00000000
00000000
00000000
00000000
00000000
00000000
00000000
00000000
00000000
00000000
00000000
00000000
00000000
00000000
00000000
00000000
00000000
00000000
00000000
00000000
00000000
00000000
00000000
00000000
00000000
00000000
00000000
00000000
00000000
00000000
00000000
00000000
00000000
00000000
00000000
00000000
00000000
00000000
00000000
00000000
00000000
00000000
00000000
00000000
00000000
00000000
00000000
00000000
00000000
00000000
00000000
00000000
00000000
00000000
00000000
00000000
00000000
00000000
00000000
00000000
00000000
00000000
00000000
00000000
00000000
00000000
00000000
00000000
00000000
00000000
00000000
00000000
00000000
00000000
00000000
00000000
00000000
00000000
00000000
00000000
00000000
00000000
00000000
00000000
00000000
00000000
00000000
00000000
00000000
00000000
00000000
00000000
00000000
00000000
00000000
00000000
00000000
00000000
00000000
00000000
00000000
00000000
00000000
00000000
00000000
00000000
00000000
00000000
00000000
00000000
00000000
00000000
00000000
00000000
00000000
00000000
00000000
00000000
00000000
00000000
00000000
00000000
00000000
00000000
00000000
00000000
00000000
00000000
00000000
00000000
00000000
00000000
00000000
00000000
00000000
00000000
00000000
00000000
00000000
00000000
00000000
00000000
00000000
00000000
00000000
00000000
00000000
00000000
00000000
00000000
00000000
00000000
00000000
00000000
00000000
00000000
00000000
00000000
00000000
00000000
00000000
00000000
00000000
00000000
00000000
00000000
00000000
00000000
00000000
00000000
