00000000
00000000
00000000
00000000
00000000
00000000
00000000
00000000
00000000
00000111
00001011
00001001
00000000
00000000
00000000
00101100
00000000
00000000
00000000
00000000
00000000
00000000
00000000
00000000
00000000
00000000
00000000
00000000
00000000
00000000
00000000
00000000
00000000
00000000
00000101
00000000
00000000
00000000
00000000
00000000
00000000
00000000
00000000
00010000
00000000
00000000
00001101
00001100
00000000
00000000
00000000
00000000
00000000
00000000
00000000
00000000
00000000
00000000
00000000
00000000
00000000
00000000
00000000
00000000
00000000
00000000
00000000
00000000
00000000
00000000
00000000
00000000
00000000
00010011
00000000
00000000
00001110
00111111
00010011
00001110
00000000
00000000
00000001
00101110
00000011
00000110
00001001
00000000
00011011
00011010
00000000
00000000
00000000
00000000
00000000
00000000
00000100
00000000
00000000
00010110
00000100
00000000
00000111
00000010
00000100
00001011
00000000
00000000
00011011
00101001
00000000
00000100
00010000
00101010
00000000
00100100
00110010
00010110
00000000
00000000
00011111
00001100
00011000
00000010
00001111
00001101
00011100
00010100
00000110
00000111
00001111
00001101
00010011
00000010
00010001
00000000
00101001
00000011
00000000
00000000
00000000
00000000
00000000
00000000
00000000
00000100
00000001
00000000
00000000
00000001
00000000
00000000
00001101
00000110
00000000
00001110
00000000
00000000
00000000
00000010
00001011
00010001
00011010
00000000
00001000
00010000
00010110
00010001
00010100
00010001
00000000
00000000
00000111
00000000
00000000
00001110
00011000
00100001
00100011
00000000
00010011
00000111
00001110
00000011
00000100
00000010
00001100
00000000
00000100
00001001
00000101
00011111
00000000
00000000
00000000
00000111
00000000
00000000
00000000
00000000
00001010
00000101
00001010
00000111
00000000
00000000
00010101
00110010
00010010
00000111
00000000
00001111
00010101
00000000
00000000
00001001
00000000
00000000
00010111
00000000
00000000
00000000
00000000
00000000
00000000
00000000
00000000
00000000
00000000
00000000
00000000
00000000
00000000
00000000
00000000
00000000
00000000
00000111
00000000
00000000
00000000
00000000
00000000
00000000
00000000
00000000
00000000
00000000
00000000
00000000
00010100
00000000
00000000
00000000
00000000
00000000
00000000
00000000
00011000
00001011
00000000
00011011
00010011
00011011
00001110
00110010
00000000
00000000
00000100
00000000
00000000
00000000
00000110
00000000
00000011
00000000
00010001
00000111
00000010
00000101
00000000
00000000
00000100
00000000
00011100
00001100
00000000
00011100
00001110
00000000
00100000
00001101
00000011
00000000
00000000
00000000
00000000
00000000
00000000
00000000
00000100
00001001
00000001
00000000
00000100
00000000
00000100
00000011
00000000
00000000
00001111
00010100
00000000
00000000
00000000
00000000
00011100
00000000
00000000
00000000
00000000
00000000
00000000
00000000
00000000
00000000
00000010
00001000
00000000
00000000
00000000
00011111
00000000
00000000
00000000
00000000
00000000
00000000
00010010
00000000
00000000
00000000
00000000
00000000
00000000
00000000
00000000
00000000
00000001
00001111
00000000
00000010
00000000
00000000
00000000
00000000
00000000
00000000
00000000
00000000
00000000
00000100
00000001
00000000
00000000
00011100
00001000
00000000
00000000
00000000
00000000
00000011
00000000
00000000
00000111
00001000
00010001
00001100
00000110
00000000
00000000
00000000
00000000
00000000
00000000
00000000
00000000
00000000
00000000
00000000
00000000
00000000
00000000
00000000
00000000
00000111
00000000
00000000
00000000
00000000
00000000
00000000
00000000
00000000
00000000
00000000
00001111
00000000
00000000
00000000
00011100
00000000
00000000
00000000
00000000
00000000
00000000
00000000
00000000
00000000
00000000
00000000
00000000
00000000
00000000
00000000
00000000
00000000
00000000
00000000
00000000
00000000
00000000
00000111
00000000
00001101
00000000
00000000
00000000
00001111
00000000
00000000
00000010
00000000
00000000
00000000
00011111
00000000
00000000
00000000
00000000
00000000
00000000
00000000
00000000
00000000
00000000
00000000
00000000
00000000
00000000
00000000
00000000
00000000
00000010
00010001
00000000
00000000
00001001
00000111
00000000
00000000
00001100
00000100
00000000
00000000
00000000
00000000
00000000
00000000
00000000
00001101
00001011
00001000
00000101
00000101
00000010
00010000
00011001
00001100
00001110
00010000
00000000
00000000
00000000
00000000
00000000
00000000
00000000
00000000
00000000
00000000
00000000
00000000
00000000
00000000
00000000
00000000
00000000
00000000
00000110
00000010
