-8.0 -8.0 -8.0 -8.0 -8.0 -8.0 -8.0 -8.0 -8.0 -5.8125 -3.25 -3.5 -8.0 -8.0 -8.0 -8.0 -2.9375 -3.25 -7.875 -6.875 -8.0 -8.0 -8.0 -8.0 -8.0 -8.0 -8.0 -8.0 -8.0 -8.0 
-8.0 -8.0 -8.0 -8.0 -8.0 -8.0 -8.0 -8.0 -1.875 4.9375 7.0 3.375 -2.0 0.125 0.625 -1.25 1.375 3.9375 4.0625 2.75 -3.125 -8.0 -8.0 -8.0 -8.0 -8.0 -8.0 -8.0 -8.0 -8.0 
-8.0 -8.0 -8.0 -8.0 -8.0 -8.0 -8.0 -4.3125 1.75 1.375 5.9375 4.125 4.875 0.4375 0.125 -3.875 -7.375 -2.375 1.5625 3.1875 6.25 -5.125 -8.0 -8.0 -8.0 -8.0 -8.0 -8.0 -8.0 -8.0 
-8.0 -8.0 -8.0 -8.0 -8.0 -8.0 -8.0 -0.875 2.0625 1.75 5.25 3.125 4.5 3.5625 -3.3125 0.125 4.0 -4.0625 -0.75 -1.125 2.1875 -4.375 -8.0 -8.0 -8.0 -8.0 -8.0 -8.0 -8.0 -8.0 
-8.0 -8.0 -8.0 -8.0 -8.0 -8.0 -8.0 -8.0 -0.3125 7.9375 4.75 1.8125 -2.0625 0.8125 -5.25 -4.0 -2.375 -4.9375 -0.375 -7.0625 -8.0 -8.0 -8.0 -8.0 -8.0 -8.0 -8.0 -8.0 -8.0 -8.0 
-8.0 -8.0 -8.0 -8.0 -8.0 -8.0 -8.0 -8.0 -8.0 -6.6875 5.6875 3.75 1.8125 2.125 -3.9375 -0.5625 -4.0625 -0.5 -4.125 -8.0 -8.0 -8.0 -8.0 -8.0 -8.0 -8.0 -8.0 -8.0 -8.0 -8.0 
-8.0 -8.0 -8.0 -8.0 -8.0 -8.0 -8.0 -8.0 -8.0 -8.0 2.0625 2.4375 4.875 4.6875 -3.1875 -4.0625 -4.375 -1.125 -4.6875 -8.0 -7.9375 -8.0 -8.0 -8.0 -8.0 -8.0 -8.0 -8.0 -8.0 -8.0 
-8.0 -8.0 -8.0 -8.0 -8.0 -8.0 -8.0 -8.0 -8.0 -8.0 -1.125 -2.9375 3.3125 4.0625 2.125 -3.5625 -5.75 -3.625 -4.5 -8.0 -7.9375 -8.0 -8.0 -8.0 -8.0 -8.0 -8.0 -8.0 -8.0 -8.0 
-8.0 -8.0 -8.0 -8.0 -8.0 -8.0 -8.0 -7.9375 -8.0 -8.0 -1.5 -2.625 6.0 5.0625 3.5625 -1.4375 -5.9375 0.875 -5.6875 -8.0 -7.875 -8.0 -8.0 -8.0 -8.0 -8.0 -8.0 -8.0 -8.0 -8.0 
-8.0 -8.0 -8.0 -8.0 -8.0 -8.0 -8.0 -7.9375 -8.0 -8.0 -1.1875 -3.0625 5.625 -6.875 -2.0625 3.3125 -5.875 3.5625 -4.5 -8.0 -7.9375 -8.0 -8.0 -8.0 -8.0 -8.0 -8.0 -8.0 -8.0 -8.0 
-8.0 -8.0 -8.0 -8.0 -8.0 -8.0 -8.0 -8.0 -8.0 -7.5 -0.875 -1.3125 -1.875 -4.0 -4.125 -5.25 1.0625 4.75 -2.375 -8.0 -7.875 -8.0 -8.0 -8.0 -8.0 -8.0 -8.0 -8.0 -8.0 -8.0 
-8.0 -8.0 -8.0 -8.0 -8.0 -8.0 -8.0 -8.0 -8.0 -7.375 -1.1875 -0.8125 -1.125 -0.8125 -5.875 -1.125 4.8125 4.8125 -2.625 -8.0 -8.0 -8.0 -8.0 -8.0 -8.0 -8.0 -8.0 -8.0 -8.0 -8.0 
-8.0 -8.0 -8.0 -8.0 -8.0 -8.0 -8.0 -8.0 -8.0 -3.625 3.5625 1.0625 0.6875 1.0 -5.0625 7.0 4.5 3.4375 0.875 -7.875 -8.0 -7.875 -8.0 -8.0 -8.0 -8.0 -8.0 -8.0 -8.0 -8.0 
-8.0 -8.0 -8.0 -8.0 -8.0 -8.0 -8.0 -8.0 -8.0 -1.5625 1.8125 -1.1875 -4.625 1.3125 7.9375 4.125 -4.5625 1.375 4.4375 -5.375 -8.0 -7.6875 -8.0 -8.0 -8.0 -8.0 -8.0 -8.0 -8.0 -8.0 
-8.0 -8.0 -8.0 -8.0 -8.0 -8.0 -8.0 -8.0 -8.0 -3.25 -3.4375 1.4375 4.25 6.8125 5.875 -4.25 -0.5625 -1.25 -0.875 -6.1875 -8.0 -7.8125 -8.0 -8.0 -8.0 -8.0 -8.0 -8.0 -8.0 -8.0 
-8.0 -8.0 -8.0 -8.0 -8.0 -8.0 -8.0 -8.0 -8.0 -2.875 -4.0 -0.5 1.75 -0.25 7.6875 0.5 -5.75 -2.875 2.6875 -7.3125 -8.0 -7.9375 -8.0 -8.0 -8.0 -8.0 -8.0 -8.0 -8.0 -8.0 
-8.0 -8.0 -8.0 -8.0 -8.0 -8.0 -8.0 -8.0 -8.0 -7.125 -3.25 -5.625 -6.5625 -5.5625 6.0625 4.8125 1.1875 2.625 7.5625 -7.875 -8.0 -7.875 -8.0 -8.0 -8.0 -8.0 -8.0 -8.0 -8.0 -8.0 
-8.0 -8.0 -8.0 -8.0 -8.0 -8.0 -8.0 -7.9375 -8.0 -2.8125 1.875 -6.125 -5.4375 -3.8125 6.875 5.875 5.375 5.6875 3.25 -8.0 -8.0 -7.9375 -8.0 -8.0 -8.0 -8.0 -8.0 -8.0 -8.0 -8.0 
-8.0 -8.0 -8.0 -8.0 -8.0 -8.0 -8.0 -7.8125 -8.0 -0.625 5.1875 -3.625 3.0 -4.0625 3.9375 -7.5 0.8125 5.4375 -0.125 -8.0 -8.0 -8.0 -8.0 -8.0 -8.0 -8.0 -8.0 -8.0 -8.0 -8.0 
-8.0 -8.0 -8.0 -8.0 -8.0 -8.0 -8.0 -7.8125 -8.0 -4.4375 6.625 2.8125 1.0625 -0.3125 -1.8125 0.0 -2.3125 5.1875 -0.375 -8.0 -8.0 -8.0 -8.0 -8.0 -8.0 -8.0 -8.0 -8.0 -8.0 -8.0 
-8.0 -8.0 -8.0 -8.0 -8.0 -8.0 -8.0 -7.875 -8.0 -6.3125 5.5 2.375 -2.8125 -4.1875 2.5 1.125 -0.5 1.25 -0.75 -8.0 -8.0 -8.0 -8.0 -8.0 -8.0 -8.0 -8.0 -8.0 -8.0 -8.0 
-8.0 -8.0 -8.0 -8.0 -8.0 -8.0 -8.0 -7.875 -8.0 -7.8125 5.75 3.1875 -2.3125 -2.3125 2.3125 2.5 2.0625 1.9375 -3.1875 -8.0 -7.875 -8.0 -8.0 -8.0 -8.0 -8.0 -8.0 -8.0 -8.0 -8.0 
-8.0 -8.0 -8.0 -8.0 -8.0 -8.0 -8.0 -8.0 -8.0 -8.0 2.8125 1.375 4.8125 6.125 2.5625 4.5 3.8125 3.0625 -5.0 -8.0 -7.875 -8.0 -8.0 -8.0 -8.0 -8.0 -8.0 -8.0 -8.0 -8.0 
-8.0 -8.0 -8.0 -8.0 -8.0 -8.0 -8.0 -8.0 -8.0 -8.0 2.6875 4.5625 6.8125 3.4375 0.5 4.3125 3.75 -1.0625 -5.8125 -8.0 -7.875 -8.0 -8.0 -8.0 -8.0 -8.0 -8.0 -8.0 -8.0 -8.0 
-8.0 -8.0 -8.0 -8.0 -8.0 -8.0 -8.0 -7.9375 -8.0 -8.0 1.5625 5.0625 6.375 4.5 4.0 -0.1875 -2.125 -6.0625 -6.9375 -8.0 -7.875 -8.0 -8.0 -8.0 -8.0 -8.0 -8.0 -8.0 -8.0 -8.0 
-8.0 -8.0 -8.0 -8.0 -8.0 -8.0 -8.0 -8.0 -8.0 -8.0 3.375 6.6875 5.8125 4.5 5.625 1.1875 -0.625 3.3125 -8.0 -8.0 -7.9375 -8.0 -8.0 -8.0 -8.0 -8.0 -8.0 -8.0 -8.0 -8.0 
-8.0 -8.0 -8.0 -8.0 -8.0 -8.0 -8.0 -8.0 -8.0 -8.0 1.5 5.375 6.9375 6.375 5.625 4.1875 1.3125 3.125 -7.8125 -8.0 -7.9375 -8.0 -8.0 -8.0 -8.0 -8.0 -8.0 -8.0 -8.0 -8.0 
-8.0 -8.0 -8.0 -8.0 -8.0 -8.0 -8.0 -7.9375 -8.0 -8.0 -8.0 -5.9375 0.375 1.1875 -0.3125 -2.0 -2.125 -6.0 -8.0 -7.9375 -8.0 -8.0 -8.0 -8.0 -8.0 -8.0 -8.0 -8.0 -8.0 -8.0 
-8.0 -8.0 -8.0 -8.0 -8.0 -8.0 -8.0 -8.0 -8.0 -8.0 -8.0 -8.0 -8.0 -8.0 -8.0 -8.0 -8.0 -8.0 -8.0 -8.0 -8.0 -8.0 -8.0 -8.0 -8.0 -8.0 -8.0 -8.0 -8.0 -8.0 
-8.0 -8.0 -8.0 -8.0 -8.0 -8.0 -8.0 -8.0 -8.0 -8.0 -8.0 -8.0 -8.0 -8.0 -8.0 -8.0 -8.0 -8.0 -8.0 -8.0 -8.0 -8.0 -8.0 -8.0 -8.0 -8.0 -8.0 -8.0 -8.0 -8.0 
