-8.0 -8.0 -8.0 -8.0 -8.0 -8.0 -8.0 -8.0 -8.0 -8.0 -8.0 1.0625 3.875 -1.9375 -1.1875 -1.4375 3.6875 -3.25 -8.0 -8.0 -8.0 -7.875 -8.0 -8.0 -8.0 -8.0 
-8.0 -8.0 -8.0 -8.0 -8.0 -8.0 -8.0 -8.0 -8.0 -4.0 2.625 2.1875 5.0 7.1875 7.0 6.3125 2.8125 2.125 1.625 -6.875 -8.0 -8.0 -8.0 -8.0 -8.0 -8.0 
-8.0 -8.0 -8.0 -8.0 -8.0 -8.0 -8.0 -5.5625 1.875 4.25 1.3125 3.9375 4.4375 5.9375 7.1875 3.625 3.9375 2.625 1.6875 2.125 -0.125 -6.625 -8.0 -8.0 -8.0 -8.0 
-8.0 -8.0 -8.0 -8.0 -7.8125 -8.0 -1.4375 2.0625 1.375 0.8125 0.125 4.4375 6.9375 6.3125 5.75 3.75 7.25 1.0625 0.0 0.875 1.4375 2.9375 -6.5625 -8.0 -7.875 -8.0 
-8.0 -8.0 -8.0 -8.0 -8.0 -8.0 1.375 0.5625 0.375 0.125 1.1875 -0.4375 7.0625 7.9375 -0.875 7.0 2.8125 0.875 0.5 0.25 0.0 1.5625 -0.9375 -8.0 -8.0 -8.0 
-8.0 -8.0 -8.0 -8.0 -8.0 -6.9375 1.8125 0.0625 1.125 1.3125 0.5625 0.8125 3.0625 4.5 4.5 4.9375 0.375 1.0625 0.875 0.75 0.25 0.0625 0.75 -7.8125 -8.0 -8.0 
-8.0 -8.0 -8.0 -8.0 -8.0 -4.875 1.875 0.5625 1.5625 1.375 -0.1875 1.6875 3.9375 2.9375 0.8125 2.3125 2.375 1.5625 0.125 0.0625 0.25 0.8125 1.3125 -6.875 -8.0 -8.0 
-8.0 -8.0 -8.0 -8.0 -8.0 -3.1875 2.375 2.0625 0.5625 1.4375 2.375 3.3125 5.5 3.375 1.875 5.4375 4.1875 1.6875 1.9375 2.125 2.8125 1.375 1.375 -4.375 -8.0 -8.0 
-8.0 -8.0 -8.0 -8.0 -8.0 -1.5 1.9375 2.625 0.75 0.25 3.375 4.375 5.0 2.9375 0.5 2.875 2.5625 1.1875 1.6875 -0.4375 3.75 2.125 0.875 -1.6875 -8.0 -8.0 
-8.0 -8.0 -8.0 -8.0 -8.0 -1.0 2.6875 4.875 3.1875 1.1875 2.1875 3.0625 4.25 4.0 1.125 3.6875 1.5625 0.875 1.0 0.5 7.3125 4.625 0.25 0.5625 -8.0 -8.0 
-8.0 -8.0 -8.0 -8.0 -8.0 -0.125 3.3125 5.6875 1.125 1.8125 0.0 -0.4375 2.9375 4.25 -1.5 1.8125 1.875 1.4375 0.75 -1.5625 -2.4375 5.8125 0.8125 1.5625 -8.0 -8.0 
-8.0 -8.0 -8.0 -8.0 -8.0 1.8125 2.9375 5.5 -4.5625 2.9375 1.5625 1.4375 3.75 5.375 -0.125 4.75 1.9375 1.0625 1.0625 -0.75 -3.5625 5.25 1.625 1.6875 -8.0 -8.0 
-8.0 -8.0 -8.0 -8.0 -8.0 3.4375 2.1875 6.5 -4.0 0.625 0.875 3.375 4.1875 4.5 1.875 6.4375 1.125 0.125 2.0625 0.25 -1.4375 6.0625 1.125 1.8125 -7.375 -8.0 
-8.0 -8.0 -8.0 -8.0 -7.625 3.75 2.0625 5.8125 -4.625 1.3125 2.3125 1.4375 2.4375 3.75 2.625 3.3125 1.625 0.8125 0.125 1.0 -2.1875 4.9375 2.375 0.875 -5.875 -8.0 
-8.0 -8.0 -8.0 -8.0 -5.375 3.375 2.3125 6.75 -6.1875 1.125 2.625 0.8125 2.375 5.0 -0.25 2.125 2.8125 1.625 0.25 0.75 -1.9375 4.125 1.5625 2.0625 -5.0625 -8.0 
-8.0 -8.0 -8.0 -8.0 -4.375 2.9375 2.6875 3.9375 -7.6875 2.8125 2.125 1.625 3.3125 4.9375 -1.75 2.0625 3.1875 1.6875 1.125 1.3125 -3.25 4.0 2.125 1.375 -4.125 -8.0 
-8.0 -8.0 -8.0 -8.0 -3.0 3.1875 2.375 2.4375 -7.375 3.375 1.4375 1.8125 3.125 3.5 2.375 5.0 2.875 0.625 1.125 0.75 -3.4375 3.625 2.0625 1.6875 -3.5625 -8.0 
-8.0 -8.0 -8.0 -8.0 -1.75 2.3125 2.6875 0.625 -4.8125 4.125 1.8125 0.3125 3.6875 4.25 2.375 4.375 2.1875 0.0625 0.875 0.375 -3.4375 3.9375 1.625 1.6875 -3.0625 -8.0 
-8.0 -8.0 -8.0 -8.0 -1.1875 1.875 2.9375 -0.625 -3.4375 3.1875 1.125 1.3125 3.4375 4.9375 0.8125 3.5 2.6875 1.5625 0.5625 1.1875 -3.4375 4.1875 1.8125 1.625 -2.6875 -8.0 
-8.0 -8.0 -8.0 -8.0 -1.1875 2.1875 3.1875 -0.375 -0.75 3.0625 1.0 2.3125 3.375 3.875 1.1875 3.1875 2.125 1.125 0.3125 1.5625 -1.9375 2.0625 1.875 1.375 -2.0625 -8.0 
-8.0 -8.0 -8.0 -8.0 -1.3125 1.875 2.4375 2.1875 -1.4375 0.5625 2.0625 2.1875 4.6875 4.4375 1.3125 3.3125 2.4375 2.0625 1.1875 1.1875 -1.8125 2.375 1.8125 0.8125 -1.8125 -8.0 
-8.0 -8.0 -8.0 -8.0 -1.1875 1.625 2.375 1.0625 -8.0 -5.875 -2.75 -4.0625 -1.3125 1.3125 0.25 1.5625 0.0625 -0.25 1.3125 -4.5 -8.0 -0.875 1.9375 0.8125 -1.9375 -8.0 
-8.0 -8.0 -8.0 -8.0 -1.25 1.625 2.5625 -2.6875 -8.0 -8.0 -8.0 -8.0 -8.0 -8.0 -7.875 -7.4375 -8.0 -8.0 -8.0 -8.0 -8.0 -2.1875 1.8125 0.875 -1.8125 -8.0 
-8.0 -8.0 -8.0 -8.0 -1.6875 1.5625 2.5625 -3.0 -8.0 -7.8125 -8.0 -7.9375 -8.0 -8.0 -8.0 -8.0 -8.0 -8.0 -8.0 -7.9375 -8.0 -3.0 1.6875 1.0 -1.4375 -8.0 
-8.0 -8.0 -8.0 -8.0 -0.4375 1.8125 2.375 -3.25 -8.0 -7.8125 -8.0 -8.0 -7.9375 -8.0 -8.0 -8.0 -8.0 -8.0 -8.0 -7.8125 -8.0 -3.8125 2.125 0.8125 -1.75 -8.0 
-8.0 -8.0 -8.0 -8.0 -0.25 1.5625 2.125 -4.8125 -8.0 -7.8125 -8.0 -8.0 -8.0 -8.0 -8.0 -7.9375 -8.0 -7.9375 -8.0 -7.6875 -8.0 -4.375 2.4375 1.125 -2.5625 -8.0 
