-8.0 -8.0 -8.0 -8.0 -8.0 -8.0 -8.0 -8.0 -8.0 -8.0 -7.1875 -3.8125 -8.0 -8.0 -8.0 -8.0 -4.875 -5.625 -8.0 -8.0 -8.0 -8.0 -8.0 -8.0 -8.0 -8.0 -8.0 -8.0 -8.0 -8.0 
-8.0 -8.0 -8.0 -8.0 -8.0 -8.0 -8.0 -7.5 -0.5 5.0625 6.125 7.4375 6.8125 7.9375 7.9375 7.9375 7.4375 6.875 6.6875 2.75 -3.5 -8.0 -8.0 -8.0 -8.0 -8.0 -8.0 -8.0 -8.0 -8.0 
-8.0 -8.0 -8.0 -8.0 -8.0 -8.0 0.5625 6.9375 7.75 7.1875 6.625 6.3125 6.875 7.25 7.375 7.0 6.375 6.5 6.9375 7.5 7.6875 4.125 -8.0 -8.0 -8.0 -8.0 -8.0 -8.0 -8.0 -8.0 
-8.0 -8.0 -8.0 -8.0 -8.0 -1.625 7.9375 6.4375 6.25 6.1875 6.25 6.5625 6.375 6.375 6.3125 6.25 6.5 6.5 6.4375 6.1875 6.0 7.75 3.1875 -8.0 -8.0 -8.0 -8.0 -8.0 -8.0 -8.0 
-8.0 -8.0 -8.0 -8.0 -8.0 6.5625 7.0625 6.3125 6.4375 7.9375 7.9375 6.875 6.4375 6.1875 6.875 7.375 6.25 6.375 6.1875 6.625 6.6875 6.3125 7.0625 -6.75 -8.0 -8.0 -8.0 -8.0 -8.0 -8.0 
-8.0 -8.0 -8.0 -8.0 -8.0 7.5 7.0625 6.4375 7.9375 1.3125 -5.0625 7.75 6.25 7.9375 7.125 5.5 6.875 6.5 7.9375 6.25 5.75 6.625 7.625 -4.625 -8.0 -8.0 -8.0 -8.0 -8.0 -8.0 
-8.0 -8.0 -8.0 -8.0 -8.0 7.9375 7.0 6.5 7.9375 -7.0625 -8.0 7.9375 6.8125 3.9375 -8.0 -8.0 5.375 7.9375 -7.1875 -0.3125 7.9375 6.625 7.75 -0.875 -8.0 -8.0 -8.0 -8.0 -8.0 -8.0 
-8.0 -8.0 -8.0 -8.0 -7.625 7.9375 6.875 6.9375 7.9375 3.0625 -8.0 7.9375 7.9375 -8.0 0.125 -0.75 -5.0625 -3.9375 -5.3125 -5.6875 7.9375 6.75 7.5625 2.125 -8.0 -8.0 -8.0 -8.0 -8.0 -8.0 
-8.0 -8.0 -8.0 -8.0 -6.0 7.9375 6.75 7.3125 7.9375 4.75 -8.0 7.9375 -2.75 -8.0 -5.6875 -6.25 -6.0625 -8.0 -6.4375 -7.1875 7.9375 6.75 7.5625 4.4375 -8.0 -8.0 -8.0 -8.0 -8.0 -8.0 
-8.0 -8.0 -8.0 -8.0 -4.6875 7.9375 6.75 7.625 7.625 6.4375 -7.875 7.9375 -6.6875 -8.0 5.8125 7.9375 6.75 -4.625 7.3125 4.375 7.1875 6.875 7.3125 5.9375 -8.0 -8.0 -8.0 -8.0 -8.0 -8.0 
-8.0 -8.0 -8.0 -8.0 -3.0 7.9375 6.8125 7.625 7.0 7.9375 -8.0 -8.0 -5.5625 1.8125 -8.0 -8.0 5.4375 -2.125 -6.75 -0.125 7.9375 6.8125 6.9375 7.625 -8.0 -8.0 -8.0 -8.0 -8.0 -8.0 
-8.0 -8.0 -8.0 -8.0 -1.6875 7.9375 6.6875 7.8125 7.25 7.1875 0.3125 0.625 5.0 7.9375 4.5625 5.375 7.9375 6.375 -7.5625 2.875 7.9375 7.0 6.875 7.9375 -8.0 -8.0 -8.0 -8.0 -8.0 -8.0 
-8.0 -8.0 -8.0 -8.0 -0.125 7.9375 6.5625 7.9375 7.5 6.5625 7.9375 7.9375 7.0 6.5 7.1875 7.1875 6.4375 7.6875 7.9375 7.9375 7.875 7.1875 6.875 7.9375 -7.8125 -8.0 -8.0 -8.0 -8.0 -8.0 
-8.0 -8.0 -8.0 -8.0 1.1875 7.9375 6.5625 7.5625 3.3125 7.1875 6.1875 6.0 6.375 6.625 6.375 6.375 6.6875 6.25 6.6875 5.875 4.9375 7.9375 6.75 7.9375 -5.8125 -8.0 -8.0 -8.0 -8.0 -8.0 
-8.0 -8.0 -8.0 -8.0 2.1875 7.9375 7.3125 5.8125 -2.625 7.9375 6.5625 6.5625 6.6875 6.75 6.625 6.625 6.625 6.5 7.125 6.4375 -0.1875 7.9375 6.75 7.9375 -4.5625 -8.0 -8.0 -8.0 -8.0 -8.0 
-8.0 -8.0 -8.0 -8.0 3.3125 7.875 7.9375 4.5 -3.6875 7.9375 6.25 6.5 6.625 6.6875 6.625 6.625 6.5625 6.6875 7.0625 6.8125 -3.625 7.9375 6.6875 7.375 -4.4375 -8.0 -8.0 -8.0 -8.0 -8.0 
-8.0 -8.0 -8.0 -8.0 4.3125 7.4375 7.9375 3.75 -1.125 7.9375 6.0 6.5625 6.625 6.625 6.625 6.625 6.625 6.625 7.0 7.8125 -3.6875 7.9375 6.75 7.5 -3.1875 -8.0 -8.0 -8.0 -8.0 -8.0 
-8.0 -8.0 -8.0 -8.0 4.5 7.375 7.9375 1.3125 1.0625 7.9375 5.9375 6.6875 6.625 6.6875 6.6875 6.6875 6.625 6.8125 6.5625 7.9375 -5.0625 7.9375 6.9375 7.5625 -1.875 -8.0 -8.0 -8.0 -8.0 -8.0 
-8.0 -8.0 -8.0 -8.0 4.75 7.1875 7.9375 -1.0625 2.8125 7.9375 6.1875 6.6875 6.6875 6.75 6.6875 6.6875 6.6875 6.9375 6.3125 7.9375 -6.8125 6.1875 7.375 7.5625 -1.125 -8.0 -8.0 -8.0 -8.0 -8.0 
-8.0 -8.0 -8.0 -8.0 4.25 7.0 7.9375 -1.1875 5.3125 7.625 6.3125 6.6875 6.6875 6.75 6.6875 6.8125 6.75 6.8125 6.125 7.9375 -4.5625 4.6875 7.6875 7.3125 -0.5 -8.0 -8.0 -8.0 -8.0 -8.0 
-8.0 -8.0 -8.0 -8.0 4.0 7.1875 7.9375 -0.875 6.5 7.0 6.5 6.6875 6.6875 6.75 6.625 6.8125 6.75 6.6875 6.3125 7.9375 0.375 2.6875 7.75 7.25 0.5625 -8.0 -8.0 -8.0 -8.0 -8.0 
-8.0 -8.0 -8.0 -8.0 3.8125 7.6875 7.9375 1.625 6.875 6.5625 6.75 6.625 6.6875 6.75 6.6875 6.875 6.75 6.6875 6.5 7.9375 2.375 -0.1875 7.9375 7.1875 0.875 -8.0 -8.0 -8.0 -8.0 -8.0 
-8.0 -8.0 -8.0 -8.0 3.4375 7.75 7.9375 2.6875 7.4375 6.5 6.625 6.625 6.5625 6.5625 6.5 6.625 6.5625 6.625 6.5625 7.0 5.9375 0.0 7.9375 7.125 1.4375 -8.0 -8.0 -8.0 -8.0 -8.0 
-8.0 -8.0 -8.0 -8.0 3.125 7.1875 7.9375 -4.4375 6.875 7.0625 6.875 6.875 6.875 6.8125 6.75 6.8125 6.8125 7.0 6.8125 7.875 3.0 -4.75 7.9375 6.9375 1.8125 -8.0 -8.0 -8.0 -8.0 -8.0 
-8.0 -8.0 -8.0 -8.0 3.75 7.0 7.625 -4.125 5.625 7.9375 5.75 5.875 5.875 5.875 5.9375 5.9375 6.0 5.875 5.625 7.9375 1.625 -6.0 7.9375 6.75 3.75 -8.0 -8.0 -8.0 -8.0 -8.0 
-8.0 -8.0 -8.0 -8.0 0.125 7.3125 7.125 -6.5 -8.0 -8.0 -8.0 -8.0 -8.0 -8.0 -8.0 -8.0 -8.0 -8.0 -8.0 -8.0 -8.0 -5.875 7.125 7.25 0.4375 -8.0 -8.0 -8.0 -8.0 -8.0 
-8.0 -8.0 -8.0 -8.0 -3.25 7.9375 7.5625 -6.625 -8.0 -8.0 -8.0 -8.0 -8.0 -8.0 -8.0 -8.0 -8.0 -8.0 -8.0 -8.0 -8.0 -5.5625 7.5625 7.9375 -0.3125 -8.0 -8.0 -8.0 -8.0 -8.0 
-8.0 -8.0 -8.0 -8.0 -4.9375 4.8125 4.3125 -7.3125 -8.0 -7.75 -7.9375 -7.875 -7.875 -7.875 -7.875 -7.875 -7.875 -7.875 -7.875 -7.8125 -8.0 -7.8125 2.875 3.8125 -3.8125 -8.0 -8.0 -8.0 -8.0 -8.0 
-8.0 -8.0 -8.0 -8.0 -8.0 -8.0 -8.0 -8.0 -8.0 -8.0 -8.0 -8.0 -8.0 -8.0 -8.0 -8.0 -8.0 -8.0 -8.0 -8.0 -8.0 -8.0 -8.0 -8.0 -8.0 -8.0 -8.0 -8.0 -8.0 -8.0 
-8.0 -8.0 -8.0 -8.0 -8.0 -8.0 -8.0 -8.0 -8.0 -8.0 -8.0 -8.0 -8.0 -8.0 -8.0 -8.0 -8.0 -8.0 -8.0 -8.0 -8.0 -8.0 -8.0 -8.0 -8.0 -8.0 -8.0 -8.0 -8.0 -8.0 
